fitting to HMM and decoding ...Transition matrix
[[  7.90854701e-001   0.00000000e+000   2.96261904e-095   5.46615975e-136
    1.69338641e-002   0.00000000e+000   2.08067827e-036   0.00000000e+000
    0.00000000e+000   1.92211435e-001]
 [  0.00000000e+000   9.77394411e-001   4.94455885e-177   0.00000000e+000
    0.00000000e+000   7.33060412e-198   0.00000000e+000   2.26055891e-002
    3.99726925e-114   0.00000000e+000]
 [  7.41776407e-098   1.64350823e-169   9.55862441e-001   1.86958640e-228
    7.30031867e-147   0.00000000e+000   2.15133848e-002   2.26241740e-002
    0.00000000e+000   1.62010659e-119]
 [  2.91432351e-150   0.00000000e+000   0.00000000e+000   9.56160833e-001
    4.38391673e-002   0.00000000e+000   1.96548514e-176   0.00000000e+000
    0.00000000e+000   5.50818529e-118]
 [  1.76218328e-002   0.00000000e+000   3.47672474e-164   1.71382441e-002
    9.45636506e-001   0.00000000e+000   1.95930331e-002   0.00000000e+000
    0.00000000e+000   1.03836249e-005]
 [  0.00000000e+000   1.18871315e-026   0.00000000e+000   0.00000000e+000
    0.00000000e+000   8.63033967e-001   0.00000000e+000   0.00000000e+000
    1.36966033e-001   0.00000000e+000]
 [  1.85717602e-043   0.00000000e+000   8.83849309e-002   6.89999696e-071
    9.63719329e-002   0.00000000e+000   8.15243136e-001   1.24874076e-293
    0.00000000e+000   7.85906602e-046]
 [  9.11648661e-149   6.64642266e-002   7.37939266e-002   0.00000000e+000
    0.00000000e+000   0.00000000e+000   2.04326032e-117   8.59741847e-001
    2.86578256e-260   6.67830348e-183]
 [  0.00000000e+000   8.58582339e-002   0.00000000e+000   0.00000000e+000
    0.00000000e+000   8.99626509e-001   0.00000000e+000   0.00000000e+000
    1.45152574e-002   0.00000000e+000]
 [  2.65622271e-001   0.00000000e+000   3.30427020e-115   3.41319830e-120
    2.11695103e-004   0.00000000e+000   2.62664439e-042   0.00000000e+000
    0.00000000e+000   7.34166033e-001]]

Means and vars of each hidden state
0th hidden state
mean =  [ 0.589516]
var =  [ 0.02063117]

1th hidden state
mean =  [-0.75556001]
var =  [ 0.05389557]

2th hidden state
mean =  [ 0.15218691]
var =  [ 0.05341425]

3th hidden state
mean =  [ 1.51610696]
var =  [ 0.05073082]

4th hidden state
mean =  [ 1.01107078]
var =  [ 0.02383809]

5th hidden state
mean =  [-1.54852315]
var =  [ 0.03158047]

6th hidden state
mean =  [ 0.54923045]
var =  [ 0.00190319]

7th hidden state
mean =  [-0.27213322]
var =  [ 0.00675615]

8th hidden state
mean =  [-1.24903352]
var =  [ 0.0061278]

9th hidden state
mean =  [ 0.57962897]
var =  [ 0.08949414]

Hidden states of TRAIN sequence
[8 5 8 5 5 5 5 5 5 5 8 5 8 5 8 5 5 5 5 8 5 5 5 5 5 5 5 5 5 5 8 5 5 5 8 5 5
 5 5 5 5 5 8 5 5 5 5 5 5 5 5 8 5 5 5 5 5 5 5 5 5 5 5 5 5 8 5 5 5 5 5 5 5 5
 5 5 5 5 5 5 5 5 5 5 5 5 5 8 1 1 1 1 1 1 1 1 1 1 1 1 1 1 7 7 7 7 7 7 2 2 2
 2 2 2 2 2 2 6 6 6 6 6 6 4 4 4 4 4 4 4 4 4 3 3 3 3 3 3 3 3 3 3 3 3 3 3 3 3
 3 3 3 3 3 3 3 3 3 4 4 4 4 4 4 0 0 0 0 9 9 9 0 0 0 0 0 0 0 0 0 0 0 0 0 0 0
 0 0 0 0 0 0 0 0 0 0 0 0 9 9 9 9 9 9 9 9 9 9 9 9 9 9 9 9 0 0 0 0 0 0 0 0 0
 0 0 0 0 0 0 0 0 0 0 0 0 9 9 9 9 9 9 9 9 0 0 0 0 0 0 0 0 0 0 0 9 9 9 9 9 9
 9 9 9 0 0 0 0 0 0 0 4 4 4 4 4 4 4 4 4 4 4 4 4 4 4 4 4 4 4 4 4 4 4 4 4 4 4
 4 4 4 4 4 4 4 4 4 4 4 4 4 4 4 4 6 6 6 6 6 6 2 2 2 2 2 2 2 2 2 2 2 2 2 2 2
 2 2 2 2 2 2 2 2 2 2 2 2 2 2 2 2 2 2 2 2 2 2 2 2 2 2 7 7 7 7 7 7 7 7 7 1 1
 1 1 1 1 1 1 1 1 1 1 1 1 1 1 1 1 1 1 1 1 1 1 1 1 1 1 1 1 1 1]

Hidden states of TEST sequence
[8 5 5 5 8 5 5 5 5 5 5 5 5 5 5 5 8 5 5 5 5 5 5 5 5 8 5 5 5 5 5 5 5 5 5 5 5
 5 5 5 5 5 5 5 5 5 5 5 5 5 5 5 5 5 5 5 5 5 5 5 5 5 5 5 5 5 5 5 5 5 5 5 5 5
 8 5 5 5 5 5 8 5 5 5 5 5 5 8 1 1 1 1 1 1 1 1 1 7 7 7 2 2 2 2 2 2 2 2 2 2 2
 2 2 2 2 2 2 6 6 6 6 6 6 4 4 4 4 4 4 4 4 4 3 3 3 3 3 3 3 3 3 3 3 3 3 3 3 3
 3 3 3 3 3 3 3 3 3 4 4 4 4 4 4 0 9 9 9 9 9 9 9 9 9 9 9 9 0 0 0 0 0 0 0 0 0
 0 9 0 0 4 6 2 2 2 2 2 2 2 2 2 2 2 2 2 2 2 2 2 2 2 2 6 4 0 0 0 0 0 0 0 0 0
 0 0 0 0 0 0 0 0 0 0 0 0 9 9 9 9 9 9 9 9 9 9 9 9 9 0 0 0 0 0 0 0 0 0 0 0 0
 0 0 0 0 0 0 0 0 0 4 4 4 4 4 4 4 4 4 4 4 4 4 4 4 4 4 4 4 4 4 4 4 4 4 4 4 4
 4 4 4 4 4 4 0 4 4 4 4 4 4 4 3 3 4 4 4 4 4 4 4 4 4 4 4 4 4 4 4 6 2 2 2 2 2
 2 2 2 2 2 2 2 2 2 2 2 2 2 2 2 2 2 2 2 2 2 2 2 2 2 2 2 2 2 7 7 7 7 7 7 1 1
 1 1 1 1 1 1 1 1 1 1 1 1 1 1 1 1 1 1 1 1 1 1 1 1 1 1 1 1 1 1]

Anomalies
[0, 0, 1, 0, 1, 0, 0, 0, 0, 0, 1, 0, 1, 0, 1, 0, 1, 0, 0, 1, 0, 0, 0, 0, 0, 1, 0, 0, 0, 0, 1, 0, 0, 0, 1, 0, 0, 0, 0, 0, 0, 0, 1, 0, 0, 0, 0, 0, 0, 0, 0, 1, 0, 0, 0, 0, 0, 0, 0, 0, 0, 0, 0, 0, 0, 1, 0, 0, 0, 0, 0, 0, 0, 0, 1, 0, 0, 0, 0, 0, 1, 0, 0, 0, 0, 0, 0, 0, 0, 0, 0, 0, 0, 0, 0, 0, 0, 1, 1, 1, 1, 1, 1, 1, 1, 1, 1, 1, 0, 0, 0, 0, 0, 0, 0, 0, 0, 0, 0, 0, 0, 0, 0, 0, 0, 0, 0, 0, 0, 0, 0, 0, 0, 0, 0, 0, 0, 0, 0, 0, 0, 0, 0, 0, 0, 0, 0, 0, 0, 0, 0, 0, 0, 0, 0, 0, 0, 0, 0, 0, 0, 0, 0, 0, 1, 1, 1, 0, 0, 0, 1, 1, 1, 1, 1, 1, 0, 0, 0, 0, 0, 0, 0, 0, 0, 0, 1, 0, 0, 1, 1, 1, 1, 1, 1, 1, 1, 1, 1, 1, 1, 1, 1, 1, 1, 1, 1, 1, 1, 1, 1, 1, 1, 0, 0, 0, 0, 0, 0, 0, 0, 0, 0, 0, 0, 0, 0, 0, 0, 0, 0, 0, 0, 0, 0, 0, 0, 0, 0, 0, 0, 0, 1, 1, 1, 1, 1, 0, 0, 0, 0, 0, 0, 1, 1, 1, 1, 1, 1, 1, 1, 1, 0, 0, 0, 0, 0, 0, 1, 0, 0, 0, 0, 0, 0, 0, 0, 0, 0, 0, 0, 0, 0, 0, 0, 0, 0, 0, 0, 0, 0, 0, 0, 0, 0, 0, 0, 0, 0, 0, 0, 0, 1, 0, 0, 0, 0, 0, 0, 0, 1, 1, 1, 1, 1, 1, 1, 1, 1, 1, 1, 1, 1, 1, 1, 1, 1, 1, 0, 0, 0, 0, 0, 0, 0, 0, 0, 0, 0, 0, 0, 0, 0, 0, 0, 0, 0, 0, 0, 0, 0, 0, 0, 0, 0, 0, 0, 0, 0, 1, 1, 1, 0, 0, 0, 0, 0, 0, 0, 0, 0, 0, 0, 0, 0, 0, 0, 0, 0, 0, 0, 0, 0, 0, 0, 0, 0, 0, 0, 0, 0, 0, 0, 0, 0, 0, 0, 0, 0, 0]

recall, precision
0.9565217391304348 0.4536082474226804
